1995
2126
1664
1898
2214
1812
2265
2430
2237
2314
2263
2431
2277
2186
2476
2389
2497
2135
2417
2299
2477
2394
2317
2450
2334
2164
2052
2431
2245
2352
2480
2284
2409
2028
1993
2468
2412
2507
2252
2286
2384
2317
2372
2371
2488
2481
2295
2550
1430
1636
2434
2468
2316
2482
2459
2525
2389
2476
2429
2363
2513
2295
2422
2334
1516
2395
2480
2379
1816
2178
2575
2525
2029
2505
2481
2315
2136
2408
2482
2476
2521
2372
2260
2562
2264
2454
2450
2562
2286
2434
2459
2373
2521
2222
2334
2529
2553
2408
2563
2330
2575
2481
2394
2245
2511
2367
2482
2273
2516
2457
2287
2504
2556
2482
2325
2208
2335
2319
2450
2450
2450
2480
2511
2488
2511
2453
2505
2429
2482
2307
2521
2497
2466
2466
2476
2553
2497
1826
2449
2047
2429
2488
974
1727
2135
2010
1884
2295
2100
2142
2571
2544
2170
2510
1377
2018
2429
2471
2562
2476
2181
2431
2470
2482
2480
2431
2588
2300
2394
2523
2513
2510
2067
2363
2300
2374
2505
2583
2550
2374
2341
2371
2453
2511
2049
2317
2459
2516
2466
2516
2544
2505
2523
2245
2389
1687
2315
2482
2295
2237
2466
215
2315
2220
2379
2198
219057
222578
235510
233997
236073
2480
231226
230762
207710
2814
21057
26260
24608
23382
25350
27938
25545
14020
31589
1499
24828
30248
1822
24072
1509
27521
26155
35130
36593
28319
23540
2097
30371
37122
29605
6132
30332
36055
33520
32021
40406
2214
42012
2187
38593
39695
2367
38675
12691
38409
36809
38471
37652
42113
2614
41159
25939
2374
35715
32034
41963
41680
35290
35480
2380
20411
39446
41364
28231
2607
2548
51379
46514
40883
2488
2696
34828
47428
22526
3234
35346
2651
456
2471
42345
3369
522
2082
452
2771
445
3221
398
52506
4737
56546
497
456
1458
3256
2516
3273
427
3365
3063
3170
3243
53229
45350
3133
403
50176
461
3285
2993
2717
437
3418
464
431
40896
431
422
459
446
3234
56792
23904
3089
3419
424
3305
3074
3246
469
2974
526
408
57668
51464
445
408
3376
25353
423
3260
469
956
51783
3290
349
3305
54998
3029
376
388
52011
1664
48869
4109
404
56847
2905
3272
54308
3108
54386
2535
2729
392
52357
3217
54278
438
434
56299
533
439
418
442
445
56034
2325
471
52490
3350
686
602
3446
418
423
2803
411
3305
3365
1577
3143
3332
53121
57168
51224
20912
3279
52762
3365
3708
55884
48383
543
52398
2796
55538
3246
3240
3259
55500
439
271
2935
2134
26934
32988
470
3064
426
2626
425
1577
1384
433
52346
3346
54662
3835
31805
1078
396
58694
56791
509
478
422
425
3200
3526
2742
50606
446
445
3756
3246
3290
554
3016
3306
3164
411
3349
3234
3193
34903
57594
57499
53189
898
3100
3499
397
525
3350
3332
3910
3066
3684
3089
437
2675
3279
56555
3152
421
54573
404
424
2286
453
3118
53168
3353
443
3272
3279
3421
3440
3215
3311
3306
55711
3326
4040
3274
1425
3237
2394
487
386
3029
3323
453
2830
3353
3227
714
56127
55626
1818
2513
3290
718
2868
8252
439
56727
3278
3401
461
4705
3137
468
430
409
427
434
3225
3158
422
3317
1037
3245
3273
3066
422
3290
392
3272
3073
440
454
743
3111
3305
674
56775
469
56669
3186
3252
490
440
56379
446
50809
56357
59673
3306
3353
3155
442
14854
3089
1515
3326
3223
3256
420
56669
418
3274
3278
60881
49498
561
3308
499
3252
434
2893
421
416
50548
414
54886
616
495
50950
466
2745
3246
448
3317
1509
3434
425
537
384
52846
53242
56038
55785
423
3237
473
1474
450
3346
3409
492
3272
1224
58370
3157
3100
2286
470
3273
3352
46256
3189
1405
439
428
3252
3305
3260
2466
433
442
679
438
60573
3155
3835
4122
435
464
3434
54551
56079
3031
3332
2914
415
1945
3384
5100
467
4064
3346
3553
3032
423
396
577
3773
3217
56487
3200
404
470
566
3073
681
7698
475
3404
4236
480
2547
3280
591
463
415
404
48953
415
450
419
404
445
3365
3164
449
1590
3227
428
3223
487
50949
3394
568
2935
3437
1088
1223
429
476
3376
480
403
449
11340
437
440
463
4051
2510
25299
25884
3229
80205
1238
5665
3825
7496
13420
64420
1608
11232
1702
20775
121896
23097
1859
19451
110651
125697
130762
24604
25802
16691
129021
29315
3613
137744
14466
28797
28058
76594
2993
2298
100496
17642
2449
28913
2475
2818
2300
11457
34230
2371
38057
2576
2830
41590
39649
2681
40572
40793
34706
2437
3342
2434
1966
3032
45421
45380
43660
33347
2791
2814
14599
23640
2586
2818
3157
2984
3589
3513
3972
2779
2916
2893
48375
2136
60108
52843
3279
44296
49126
50168
52173
50421
2729
56495
5976
3835
59671
3794
3311
42318
54416
3369
7396
53877
3350
3449
5664
3786
3526
3418
3336
3418
3509
34992
3405
3570
3781
2612
3734
3468
3830
3758
67113
4014
3584
66559
10874
4123
3961
4085
4202
4273
4387
5101
61149
4376
4219
3715
3992
4376
60914
55761
5202
36115
4861
17892
3857
4147
3714
14700
4085
64828
70578
4599
4160
60396
33987
4705
4642
41302
4326
3972
4443
5440
56066
3763
3995
3479
3797
2985
3773
4737
18789
7864
6895
10208
9580
10785
105661
23440
98031
15629
16970
20080
27173
110245
112498
27172
53827
41207
57514
25417
124246
116066
28980
28874
31157
122279
100701
126194
115836
121895
34351
26109
44367
106043
39204
98263
23798
41484
70882
156780
55669
38469
41768
61437
47977
109728
154148
40510
40329
45448
55013
151027
117406
51944
56918
111596
45713
130160
56864
145331
145406
103036
46505
54124
129921
60658
35792
71554
53203
70279
150288
40251
100965
150765
67939
61235
80788
117663
199042
115436
102576
118184
104402
227219
105006
240347
122266
126533
140194
114470
141428
127279
134865
161474
126981
161877
276245
146945
298217
205955
176142
192268
189187
277065
198074
224919
283959
189886
212080
238127
505637
662877
